4.096000000000000000e+03
4.096000000000000000e+03
4.096000000000000000e+03
4.096000000000000000e+03
4.096000000000000000e+03
4.096000000000000000e+03
8.192000000000000000e+03
4.096000000000000000e+03
4.096000000000000000e+03
2.048000000000000000e+03
4.096000000000000000e+03
4.096000000000000000e+03
2.048000000000000000e+03
4.096000000000000000e+03
2.048000000000000000e+03
4.096000000000000000e+03
4.096000000000000000e+03
4.096000000000000000e+03
4.096000000000000000e+03
2.048000000000000000e+03
2.048000000000000000e+03
4.096000000000000000e+03
4.096000000000000000e+03
4.096000000000000000e+03
4.096000000000000000e+03
4.096000000000000000e+03
2.048000000000000000e+03
4.096000000000000000e+03
4.096000000000000000e+03
8.192000000000000000e+03
4.096000000000000000e+03
4.096000000000000000e+03
4.096000000000000000e+03
2.048000000000000000e+03
4.096000000000000000e+03
2.048000000000000000e+03
4.096000000000000000e+03
8.192000000000000000e+03
4.096000000000000000e+03
4.096000000000000000e+03
2.048000000000000000e+03
4.096000000000000000e+03
4.096000000000000000e+03
4.096000000000000000e+03
4.096000000000000000e+03
4.096000000000000000e+03
4.096000000000000000e+03
4.096000000000000000e+03
4.096000000000000000e+03
4.096000000000000000e+03
