9.730000000000000000e+02
9.830000000000000000e+02
9.510000000000000000e+02
1.045000000000000000e+03
9.710000000000000000e+02
9.550000000000000000e+02
1.074000000000000000e+03
1.032000000000000000e+03
1.001000000000000000e+03
9.710000000000000000e+02
1.185000000000000000e+03
9.300000000000000000e+02
9.720000000000000000e+02
9.420000000000000000e+02
9.900000000000000000e+02
9.720000000000000000e+02
9.390000000000000000e+02
9.690000000000000000e+02
1.251000000000000000e+03
1.042000000000000000e+03
9.630000000000000000e+02
1.014000000000000000e+03
1.003000000000000000e+03
9.570000000000000000e+02
1.041000000000000000e+03
9.830000000000000000e+02
1.007000000000000000e+03
9.520000000000000000e+02
9.680000000000000000e+02
9.680000000000000000e+02
9.650000000000000000e+02
1.011000000000000000e+03
1.133000000000000000e+03
9.620000000000000000e+02
9.240000000000000000e+02
1.007000000000000000e+03
9.990000000000000000e+02
1.006000000000000000e+03
9.850000000000000000e+02
1.024000000000000000e+03
1.015000000000000000e+03
1.081000000000000000e+03
9.480000000000000000e+02
9.820000000000000000e+02
1.060000000000000000e+03
1.042000000000000000e+03
1.046000000000000000e+03
1.004000000000000000e+03
9.670000000000000000e+02
9.840000000000000000e+02
