6.170000000000000000e+02
6.550000000000000000e+02
5.240000000000000000e+02
4.910000000000000000e+02
6.210000000000000000e+02
5.190000000000000000e+02
5.320000000000000000e+02
5.040000000000000000e+02
6.800000000000000000e+02
5.070000000000000000e+02
6.220000000000000000e+02
4.740000000000000000e+02
4.920000000000000000e+02
5.980000000000000000e+02
5.300000000000000000e+02
5.210000000000000000e+02
4.960000000000000000e+02
4.930000000000000000e+02
5.080000000000000000e+02
6.230000000000000000e+02
5.160000000000000000e+02
5.010000000000000000e+02
5.900000000000000000e+02
4.840000000000000000e+02
6.110000000000000000e+02
5.030000000000000000e+02
6.800000000000000000e+02
5.100000000000000000e+02
5.970000000000000000e+02
4.960000000000000000e+02
5.320000000000000000e+02
5.020000000000000000e+02
5.290000000000000000e+02
6.040000000000000000e+02
5.130000000000000000e+02
5.910000000000000000e+02
5.110000000000000000e+02
6.930000000000000000e+02
6.240000000000000000e+02
5.890000000000000000e+02
5.250000000000000000e+02
5.010000000000000000e+02
6.090000000000000000e+02
4.710000000000000000e+02
4.820000000000000000e+02
6.100000000000000000e+02
5.080000000000000000e+02
4.950000000000000000e+02
4.830000000000000000e+02
4.740000000000000000e+02
