1.390000000000000000e+02
1.690000000000000000e+02
1.430000000000000000e+02
1.700000000000000000e+02
1.400000000000000000e+02
1.580000000000000000e+02
1.350000000000000000e+02
1.420000000000000000e+02
1.530000000000000000e+02
1.760000000000000000e+02
1.580000000000000000e+02
1.410000000000000000e+02
1.270000000000000000e+02
1.710000000000000000e+02
1.360000000000000000e+02
1.600000000000000000e+02
1.240000000000000000e+02
1.350000000000000000e+02
1.360000000000000000e+02
1.290000000000000000e+02
1.690000000000000000e+02
1.220000000000000000e+02
1.260000000000000000e+02
1.380000000000000000e+02
1.250000000000000000e+02
1.450000000000000000e+02
1.380000000000000000e+02
1.190000000000000000e+02
1.470000000000000000e+02
1.380000000000000000e+02
1.830000000000000000e+02
1.270000000000000000e+02
1.720000000000000000e+02
1.960000000000000000e+02
1.380000000000000000e+02
1.330000000000000000e+02
2.200000000000000000e+02
1.410000000000000000e+02
1.440000000000000000e+02
1.220000000000000000e+02
1.420000000000000000e+02
1.630000000000000000e+02
1.530000000000000000e+02
1.260000000000000000e+02
1.270000000000000000e+02
1.330000000000000000e+02
1.240000000000000000e+02
1.540000000000000000e+02
1.460000000000000000e+02
1.290000000000000000e+02
